1	0	0	0
2	0	0	0
4	0	0	0
8	0	0	0
16	0	0	0
32	0	0	0
64	0	0	0
128	0	0	0
256	0	0	0
512	0	0	0
1024	0	0	0
2048	0	0	0
4096	0	0	0
8192	0	1	0
1	0	0	0
2	0	0	0
4	0	0	0
8	0	0	0
16	0	0	0
32	0	0	0
64	0	0	0
128	0	0	0
256	0	0	0
512	0	0	0
1024	0	0	0
2048	0	0	0
4096	0	0	0
8192	0	0	0
16384	1	1	1
1	0	0	0
2	0	0	0
4	0	0	0
8	0	0	0
16	0	0	0
32	0	0	0
64	0	0	0
128	0	0	0
256	0	0	0
512	0	0	0
1024	0	0	0
2048	0	0	0
4096	0	0	0
8192	0	1	0
16384	0	1	1
32768	4	5	4
65536	17	27	16
131072	83	158	84
262144	651	1258	770
524288	5020	7311	5354
1	0
10	0
100	0
1000	0
10000	1
1	0
10	1
100	0
1000	0
10000	1
1	0
10	0
100	0
1000	0
10000	1
1	0
10	0
100	0
1000	0
10000	1
1	0
10	0
100	0
1000	0
10000	0
1	0
2	0
4	0
8	0
16	0
32	0
64	0
128	0
256	0
512	0
1024	0
2048	0
4096	0
8192	0
16384	0
32768	0
65536	0
